student_id,interests,program_id,field_tags,label_match,pred_label_match
427,Sustainable Design;Banking,1182,Sustainable Design;Sustainable Design;Computer Science,0.5,0.4658
427,Sustainable Design;Banking,932,Architecture;Banking,0.48,0.3807
427,Sustainable Design;Banking,95,Engineering;Sustainable Design,0.47,0.4344
427,Sustainable Design;Banking,808,Banking;Engineering,0.47,0.4006
427,Sustainable Design;Banking,1097,Data Science;Sustainable Design,0.47,0.448
427,Sustainable Design;Banking,1103,Renewable Energy;Banking,0.47,0.4303
427,Sustainable Design;Banking,374,Sustainable Design;Marketing,0.46,0.3705
427,Sustainable Design;Banking,444,International Law;Banking;Business,0.46,0.4048
427,Sustainable Design;Banking,468,Banking;International Law,0.46,0.426
427,Sustainable Design;Banking,1207,Banking;Computer Science,0.46,0.46
427,Sustainable Design;Banking,1303,International Law;Banking,0.46,0.426
427,Sustainable Design;Banking,71,Banking;Public Health,0.45,0.3899
427,Sustainable Design;Banking,1202,Sustainable Design;Finance;Data Science,0.45,0.3951
427,Sustainable Design;Banking,1270,Banking;Public Health,0.45,0.3899
427,Sustainable Design;Banking,15,Finance;Business,0.44,0.442
427,Sustainable Design;Banking,384,Renewable Energy;Sustainable Design;Environmental Science,0.44,0.4162
427,Sustainable Design;Banking,821,Engineering;Environmental Science;Sustainable Design,0.44,0.414
427,Sustainable Design;Banking,835,Finance;Business,0.44,0.442
427,Sustainable Design;Banking,221,Design;Information Technology,0.43,0.404
427,Sustainable Design;Banking,389,Renewable Energy;Data Science;Banking,0.43,0.4197
427,Sustainable Design;Banking,870,Accounting;Sustainable Design;Architecture,0.42,0.3527
427,Sustainable Design;Banking,995,Business;Finance;Environmental Science,0.42,0.4122
427,Sustainable Design;Banking,1074,Business;Business;International Law,0.42,0.4142
427,Sustainable Design;Banking,3,Marketing;Banking;Computer Science,0.41,0.4296
427,Sustainable Design;Banking,41,Sustainable Design;Accounting;Education,0.4,0.341
427,Sustainable Design;Banking,100,Renewable Energy;Law;Sustainable Design,0.4,0.389
427,Sustainable Design;Banking,241,Business;International Law;Information Technology,0.4,0.3924
427,Sustainable Design;Banking,521,Sustainable Design;Law;Architecture,0.4,0.366
427,Sustainable Design;Banking,643,Sustainable Design;Marketing;Accounting,0.4,0.3558
427,Sustainable Design;Banking,736,Business;Environmental Science;Architecture,0.4,0.3799
427,Sustainable Design;Banking,309,Architecture;Finance;Environmental Science,0.39,0.3839
427,Sustainable Design;Banking,322,Renewable Energy;Design;Environmental Science,0.39,0.39
427,Sustainable Design;Banking,336,Finance;Engineering,0.39,0.4299
427,Sustainable Design;Banking,440,Renewable Energy;Environmental Science;Design,0.39,0.39
427,Sustainable Design;Banking,511,Finance;Architecture,0.39,0.3711
427,Sustainable Design;Banking,606,Business;Education,0.39,0.414
427,Sustainable Design;Banking,689,Engineering;Finance,0.39,0.4299
427,Sustainable Design;Banking,860,Information Technology;Renewable Energy,0.39,0.39
427,Sustainable Design;Banking,1195,Education;Business,0.39,0.414
427,Sustainable Design;Banking,7,Data Science;Design;Data Science,0.38,0.4
427,Sustainable Design;Banking,102,Environmental Science;Design;International Law,0.38,0.3656
427,Sustainable Design;Banking,279,Architecture;Accounting;Business,0.38,0.38
427,Sustainable Design;Banking,371,Banking;Law;Accounting,0.38,0.3635
427,Sustainable Design;Banking,544,Environmental Science;Environmental Science,0.38,0.31
427,Sustainable Design;Banking,767,Accounting;Business,0.38,0.3834
427,Sustainable Design;Banking,829,Information Technology;International Law,0.38,0.3653
427,Sustainable Design;Banking,948,Sustainable Design;Public Health;Ecology,0.38,0.313
427,Sustainable Design;Banking,1186,International Law;Finance,0.38,0.338
427,Sustainable Design;Banking,26,Banking;Psychology,0.37,0.37
427,Sustainable Design;Banking,127,Information Technology;Film;Sustainable Design,0.37,0.2901
427,Sustainable Design;Banking,159,Finance;Education,0.37,0.37
427,Sustainable Design;Banking,247,Film;Information Technology;Banking,0.37,0.3004
427,Sustainable Design;Banking,387,Finance;Architecture;Computer Science,0.37,0.38
427,Sustainable Design;Banking,484,Design;Data Science;Computer Science,0.37,0.3904
427,Sustainable Design;Banking,657,Design;Cybersecurity;Banking,0.37,0.37
427,Sustainable Design;Banking,844,Renewable Energy;Marketing;Design,0.37,0.37
427,Sustainable Design;Banking,1319,Renewable Energy;Design;Education,0.37,0.3614
427,Sustainable Design;Banking,27,Finance;Law;Information Technology,0.36,0.3451
427,Sustainable Design;Banking,509,Environmental Science;Environmental Science;Computer Science,0.36,0.431
427,Sustainable Design;Banking,550,Environmental Science;Data Science,0.36,0.374
427,Sustainable Design;Banking,564,Business;Public Health;Public Health,0.36,0.3551
427,Sustainable Design;Banking,778,International Law;Environmental Science,0.36,0.4011
427,Sustainable Design;Banking,781,Marketing;Environmental Science;Environmental Science,0.36,0.3525
427,Sustainable Design;Banking,799,Engineering;Environmental Science,0.36,0.372
427,Sustainable Design;Banking,894,Renewable Energy;Architecture,0.36,0.36
427,Sustainable Design;Banking,1020,Engineering;Architecture,0.36,0.365
427,Sustainable Design;Banking,1039,Public Health;Information Technology,0.36,0.3975
427,Sustainable Design;Banking,1320,Architecture;International Law;Environmental Science,0.36,0.3547
427,Sustainable Design;Banking,12,Film;Sustainable Design,0.35,0.35
427,Sustainable Design;Banking,129,Law;Design,0.35,0.35
427,Sustainable Design;Banking,198,Public Health;Environmental Science,0.35,0.36
427,Sustainable Design;Banking,411,Environmental Science;International Law;Engineering,0.35,0.3701
427,Sustainable Design;Banking,480,Accounting;Marketing;Finance,0.35,0.3389
427,Sustainable Design;Banking,593,Marketing;Environmental Science,0.35,0.3525
427,Sustainable Design;Banking,698,Environmental Science;Marketing,0.35,0.3525
427,Sustainable Design;Banking,769,Sustainable Design;Nursing;Accounting,0.35,0.2857
427,Sustainable Design;Banking,911,Education;Architecture;Engineering,0.35,0.3626
427,Sustainable Design;Banking,919,Environmental Science;Computer Science,0.35,0.431
427,Sustainable Design;Banking,1032,International Law;Data Science;Engineering,0.35,0.3767
427,Sustainable Design;Banking,1046,Environmental Science;International Law,0.35,0.4011
427,Sustainable Design;Banking,1287,Design;Public Health;Accounting,0.35,0.3367
427,Sustainable Design;Banking,173,Computer Science;Renewable Energy,0.34,0.3552
427,Sustainable Design;Banking,199,Renewable Energy;Public Health,0.34,0.354
427,Sustainable Design;Banking,283,Data Science;Renewable Energy;Education,0.34,0.3089
427,Sustainable Design;Banking,327,Computer Science;Architecture,0.34,0.3579
427,Sustainable Design;Banking,487,Renewable Energy;Computer Science,0.34,0.3552
427,Sustainable Design;Banking,725,Engineering;Computer Science,0.34,0.3958
427,Sustainable Design;Banking,801,Computer Science;Architecture,0.34,0.3579
427,Sustainable Design;Banking,820,Engineering;Artificial Intelligence;Business,0.34,0.3154
427,Sustainable Design;Banking,924,Marketing;Marketing;Architecture,0.34,0.3256
427,Sustainable Design;Banking,1008,Nursing;Finance;Business,0.34,0.3243
427,Sustainable Design;Banking,1080,Architecture;Renewable Energy;Accounting,0.34,0.3231
427,Sustainable Design;Banking,1135,Education;Architecture,0.34,0.3481
427,Sustainable Design;Banking,1137,Computer Science;Public Health;Environmental Science,0.34,0.3521
427,Sustainable Design;Banking,1229,Banking;Education;Film,0.34,0.3134
427,Sustainable Design;Banking,262,Law;Information Technology,0.33,0.3346
427,Sustainable Design;Banking,273,Design;Ecology;Education,0.33,0.2999
427,Sustainable Design;Banking,455,Computer Science;International Law,0.33,0.33
427,Sustainable Design;Banking,752,Renewable Energy;Public Health;Computer Science,0.33,0.3627
427,Sustainable Design;Banking,1050,Finance;Law;Marketing,0.33,0.3731
427,Sustainable Design;Banking,1171,Public Health;Education;Data Science,0.33,0.3417
427,Sustainable Design;Banking,1291,Public Health;Data Science;Education,0.33,0.3417
427,Sustainable Design;Banking,172,Education;Marketing,0.32,0.3285
427,Sustainable Design;Banking,209,Computer Science;Education,0.32,0.3223
427,Sustainable Design;Banking,239,Education;Ecology;Finance,0.32,0.3439
427,Sustainable Design;Banking,280,Law;Renewable Energy;Architecture,0.32,0.329
427,Sustainable Design;Banking,281,Information Technology;Design;Film,0.32,0.32
427,Sustainable Design;Banking,310,Artificial Intelligence;Design,0.32,0.32
427,Sustainable Design;Banking,434,Ecology;Renewable Energy;Environmental Science,0.32,0.302
427,Sustainable Design;Banking,610,Marketing;Computer Science,0.32,0.3322
427,Sustainable Design;Banking,811,Business;Data Science;Nursing,0.32,0.2946
427,Sustainable Design;Banking,901,Marketing;Accounting;Computer Science,0.32,0.337
427,Sustainable Design;Banking,940,Public Health;International Law,0.32,0.302
427,Sustainable Design;Banking,1189,Accounting;International Law;Marketing,0.32,0.3504
427,Sustainable Design;Banking,1253,Law;Renewable Energy;Architecture,0.32,0.329
427,Sustainable Design;Banking,64,Computer Science;Accounting,0.31,0.323
427,Sustainable Design;Banking,200,Psychology;Information Technology;Architecture,0.31,0.2844
427,Sustainable Design;Banking,353,Ecology;Environmental Science;Marketing,0.31,0.2931
427,Sustainable Design;Banking,405,Accounting;Finance;Ecology,0.31,0.3239
427,Sustainable Design;Banking,513,Psychology;Business,0.31,0.2826
427,Sustainable Design;Banking,540,Architecture;Marketing;Law,0.31,0.307
427,Sustainable Design;Banking,764,Education;Artificial Intelligence;Finance,0.31,0.3434
427,Sustainable Design;Banking,1090,Environmental Science;Nursing;Information Technology,0.31,0.3308
427,Sustainable Design;Banking,1134,Artificial Intelligence;Finance,0.31,0.31
427,Sustainable Design;Banking,48,Finance;Nursing;Computer Science,0.3,0.3281
427,Sustainable Design;Banking,105,Law;Accounting;Data Science,0.3,0.3
427,Sustainable Design;Banking,121,Design;Psychology,0.3,0.2892
427,Sustainable Design;Banking,171,Design;Renewable Energy;Film,0.3,0.2796
427,Sustainable Design;Banking,403,Information Technology;Artificial Intelligence,0.3,0.3545
427,Sustainable Design;Banking,599,Engineering;Law,0.3,0.2889
427,Sustainable Design;Banking,1087,Computer Science;Renewable Energy;Ecology,0.3,0.2708
427,Sustainable Design;Banking,1223,Artificial Intelligence;Information Technology,0.3,0.3545
427,Sustainable Design;Banking,60,Data Science;Ecology,0.29,0.3319
427,Sustainable Design;Banking,89,Education;Engineering;Artificial Intelligence,0.29,0.293
427,Sustainable Design;Banking,180,Public Health;Artificial Intelligence;Data Science,0.29,0.29
427,Sustainable Design;Banking,278,Artificial Intelligence;Environmental Science,0.29,0.285
427,Sustainable Design;Banking,324,Artificial Intelligence;Environmental Science,0.29,0.285
427,Sustainable Design;Banking,341,Banking;Cybersecurity;Artificial Intelligence,0.29,0.2857
427,Sustainable Design;Banking,517,Law;International Law,0.29,0.3078
427,Sustainable Design;Banking,616,Computer Science;Artificial Intelligence;Renewable Energy,0.29,0.2752
427,Sustainable Design;Banking,1224,Finance;Psychology,0.29,0.29
427,Sustainable Design;Banking,10,Ecology;International Law,0.28,0.2921
427,Sustainable Design;Banking,789,Finance;Nursing,0.28,0.33
427,Sustainable Design;Banking,910,Artificial Intelligence;Renewable Energy,0.28,0.28
427,Sustainable Design;Banking,916,Ecology;International Law;Accounting,0.28,0.2891
427,Sustainable Design;Banking,1043,Accounting;Law,0.28,0.28
427,Sustainable Design;Banking,1185,Law;Public Health,0.28,0.28
427,Sustainable Design;Banking,1292,Engineering;Environmental Science;Film,0.28,0.321
427,Sustainable Design;Banking,5,Design;Film,0.27,0.27
427,Sustainable Design;Banking,56,Public Health;Nursing;International Law,0.27,0.2948
427,Sustainable Design;Banking,447,Artificial Intelligence;Education;Accounting,0.27,0.268
427,Sustainable Design;Banking,717,Artificial Intelligence;Public Health;Accounting,0.27,0.2619
427,Sustainable Design;Banking,1281,Nursing;International Law;International Law,0.27,0.2735
427,Sustainable Design;Banking,1288,Cybersecurity;Business,0.27,0.2589
427,Sustainable Design;Banking,170,Accounting;Information Technology;Cybersecurity,0.26,0.263
427,Sustainable Design;Banking,306,Artificial Intelligence;Public Health,0.26,0.26
427,Sustainable Design;Banking,388,Environmental Science;Nursing,0.26,0.268
427,Sustainable Design;Banking,463,Public Health;Artificial Intelligence,0.26,0.26
427,Sustainable Design;Banking,466,Engineering;Marketing;Film,0.26,0.2804
427,Sustainable Design;Banking,687,Ecology;Accounting,0.26,0.26
427,Sustainable Design;Banking,792,Accounting;Information Technology;Cybersecurity,0.26,0.263
427,Sustainable Design;Banking,828,Film;Data Science;Marketing,0.26,0.2891
427,Sustainable Design;Banking,909,Architecture;Law;Psychology,0.26,0.2685
427,Sustainable Design;Banking,1079,Architecture;Psychology,0.26,0.2696
427,Sustainable Design;Banking,1115,Design;Cybersecurity,0.26,0.262
427,Sustainable Design;Banking,1196,Design;Psychology;Artificial Intelligence,0.26,0.26
427,Sustainable Design;Banking,1199,Accounting;Ecology,0.26,0.26
427,Sustainable Design;Banking,90,Data Science;Nursing,0.25,0.25
427,Sustainable Design;Banking,141,Data Science;Nursing,0.25,0.25
427,Sustainable Design;Banking,147,Ecology;Marketing;Artificial Intelligence,0.25,0.2313
427,Sustainable Design;Banking,432,Cybersecurity;Business;Ecology,0.25,0.2614
427,Sustainable Design;Banking,493,Business;Film;Artificial Intelligence,0.25,0.26
427,Sustainable Design;Banking,531,Renewable Energy;Accounting;Film,0.25,0.2536
427,Sustainable Design;Banking,1179,Law;Architecture;Nursing,0.25,0.2463
427,Sustainable Design;Banking,16,Cybersecurity;Public Health;Education,0.24,0.273
427,Sustainable Design;Banking,225,Nursing;Ecology;Data Science,0.24,0.2028
427,Sustainable Design;Banking,592,Film;Environmental Science,0.24,0.2624
427,Sustainable Design;Banking,809,Film;Architecture,0.24,0.24
427,Sustainable Design;Banking,933,Psychology;Psychology;Information Technology,0.24,0.3107
427,Sustainable Design;Banking,1029,Nursing;Marketing,0.24,0.2738
427,Sustainable Design;Banking,1168,Film;Environmental Science,0.24,0.2624
427,Sustainable Design;Banking,1317,Nursing;Marketing,0.24,0.2738
427,Sustainable Design;Banking,1318,Marketing;Nursing,0.24,0.2738
427,Sustainable Design;Banking,348,Artificial Intelligence;Psychology;International Law,0.23,0.2235
427,Sustainable Design;Banking,648,Film;Ecology;Environmental Science,0.23,0.2168
427,Sustainable Design;Banking,817,Film;Data Science,0.23,0.23
427,Sustainable Design;Banking,892,Law;Computer Science;Film,0.23,0.2249
427,Sustainable Design;Banking,1162,Film;Engineering,0.23,0.2043
427,Sustainable Design;Banking,1279,Finance;Psychology;Film,0.23,0.2673
427,Sustainable Design;Banking,145,Psychology;Design;Cybersecurity,0.22,0.2164
427,Sustainable Design;Banking,285,Ecology;Cybersecurity;Engineering,0.22,0.1968
427,Sustainable Design;Banking,424,Engineering;Ecology;Cybersecurity,0.22,0.1968
427,Sustainable Design;Banking,575,Artificial Intelligence;Psychology;Computer Science,0.22,0.2362
427,Sustainable Design;Banking,636,Film;International Law,0.22,0.2631
427,Sustainable Design;Banking,816,Architecture;Cybersecurity,0.22,0.22
427,Sustainable Design;Banking,877,Film;Marketing,0.22,0.2324
427,Sustainable Design;Banking,1268,Data Science;Cybersecurity,0.22,0.22
427,Sustainable Design;Banking,369,Engineering;Artificial Intelligence;Cybersecurity,0.21,0.21
427,Sustainable Design;Banking,787,Film;Marketing;Artificial Intelligence,0.21,0.245
427,Sustainable Design;Banking,973,Film;Public Health,0.21,0.2646
427,Sustainable Design;Banking,350,Law;Psychology,0.2,0.245
427,Sustainable Design;Banking,715,Nursing;Law,0.2,0.2
427,Sustainable Design;Banking,754,Cybersecurity;Engineering;Psychology,0.2,0.2092
427,Sustainable Design;Banking,1242,Public Health;Cybersecurity,0.2,0.2385
427,Sustainable Design;Banking,1061,Public Health;Cybersecurity;Artificial Intelligence,0.19,0.2257
427,Sustainable Design;Banking,1086,Psychology;Ecology,0.19,0.2219
427,Sustainable Design;Banking,223,Nursing;Public Health;Cybersecurity,0.18,0.1485
427,Sustainable Design;Banking,469,Law;Nursing;Psychology,0.18,0.2183
427,Sustainable Design;Banking,978,Film;Ecology;Artificial Intelligence,0.17,0.1668
427,Sustainable Design;Banking,633,Cybersecurity;Law,0.16,0.2044
427,Sustainable Design;Banking,727,Film;Ecology,0.16,0.16
427,Sustainable Design;Banking,249,Psychology;Nursing,0.15,0.1921
427,Sustainable Design;Banking,368,Film;Artificial Intelligence,0.15,0.15
427,Sustainable Design;Banking,268,Artificial Intelligence;Cybersecurity,0.14,0.1855
427,Sustainable Design;Banking,802,Cybersecurity;Psychology,0.12,0.1869
878,Film;Renewable Energy;Nursing,356,Public Health;Information Technology;Public Health,0.3,0.284
878,Film;Renewable Energy;Nursing,242,Accounting;Data Science;Renewable Energy,0.29,0.2738
878,Film;Renewable Energy;Nursing,632,International Law;Environmental Science,0.29,0.292
878,Film;Renewable Energy;Nursing,1169,Education;Architecture;Business,0.25,0.2529
878,Film;Renewable Energy;Nursing,1212,Cybersecurity;Information Technology;Engineering,0.2,0.2328
1234,Law;Information Technology;Public Health,1322,Education;Public Health,0.6,0.47
1234,Law;Information Technology;Public Health,533,Information Technology;Public Health;Computer Science,0.59,0.578
1234,Law;Information Technology;Public Health,1248,International Law;Education,0.57,0.5534
1234,Law;Information Technology;Public Health,601,Data Science;Information Technology;Education,0.56,0.562
1234,Law;Information Technology;Public Health,1117,Education;Business;Information Technology,0.54,0.57
1234,Law;Information Technology;Public Health,997,Public Health;Information Technology;Renewable Energy,0.53,0.584
1234,Law;Information Technology;Public Health,682,Environmental Science;Environmental Science,0.52,0.4677
1234,Law;Information Technology;Public Health,194,Design;International Law;Law,0.5,0.458
1234,Law;Information Technology;Public Health,482,Data Science;Business,0.5,0.4676
1234,Law;Information Technology;Public Health,559,Environmental Science;Public Health;Banking,0.5,0.452
1234,Law;Information Technology;Public Health,1026,Public Health;Education;Nursing,0.49,0.476
1234,Law;Information Technology;Public Health,1070,Marketing;Public Health,0.49,0.4876
1234,Law;Information Technology;Public Health,904,International Law;Finance;Business,0.48,0.464
1234,Law;Information Technology;Public Health,1129,Business;International Law;Finance,0.48,0.464
1234,Law;Information Technology;Public Health,1150,International Law;Accounting;Environmental Science,0.47,0.458
1234,Law;Information Technology;Public Health,1217,Sustainable Design;Information Technology;Business,0.47,0.468
1234,Law;Information Technology;Public Health,839,Information Technology;Data Science;Architecture,0.46,0.468
1234,Law;Information Technology;Public Health,240,Finance;Sustainable Design;Information Technology,0.45,0.41
1234,Law;Information Technology;Public Health,674,International Law;Accounting,0.45,0.4349
1234,Law;Information Technology;Public Health,777,Nursing;Information Technology,0.45,0.4234
1234,Law;Information Technology;Public Health,613,Banking;Business;Education,0.44,0.382
1234,Law;Information Technology;Public Health,673,Computer Science;Information Technology;Ecology,0.44,0.438
1234,Law;Information Technology;Public Health,913,International Law;Cybersecurity;Information Technology,0.44,0.38
1234,Law;Information Technology;Public Health,936,Computer Science;Banking;Data Science,0.44,0.4082
1234,Law;Information Technology;Public Health,1027,Education;Engineering,0.44,0.456
1234,Law;Information Technology;Public Health,445,Film;Public Health,0.43,0.4506
1234,Law;Information Technology;Public Health,1121,Computer Science;Finance,0.43,0.3991
1234,Law;Information Technology;Public Health,1060,Computer Science;Computer Science;Design,0.42,0.3407
1234,Law;Information Technology;Public Health,297,Marketing;Computer Science,0.41,0.3468
1234,Law;Information Technology;Public Health,313,Environmental Science;Accounting,0.41,0.406
1234,Law;Information Technology;Public Health,208,Marketing;Public Health;Film,0.4,0.416
1234,Law;Information Technology;Public Health,343,Psychology;Marketing;International Law,0.4,0.358
1234,Law;Information Technology;Public Health,566,Business;Engineering;Artificial Intelligence,0.38,0.344
1234,Law;Information Technology;Public Health,884,International Law;Accounting;Architecture,0.38,0.378
1234,Law;Information Technology;Public Health,338,Law;Psychology;Architecture,0.37,0.278
1234,Law;Information Technology;Public Health,795,Engineering;Business;Banking,0.37,0.376
1234,Law;Information Technology;Public Health,1083,Cybersecurity;Public Health,0.37,0.382
1234,Law;Information Technology;Public Health,1125,Artificial Intelligence;Education;Psychology,0.37,0.3838
1234,Law;Information Technology;Public Health,20,Computer Science;Accounting;Design,0.36,0.362
1234,Law;Information Technology;Public Health,1030,Architecture;Computer Science,0.36,0.289
1234,Law;Information Technology;Public Health,692,Architecture;Business,0.35,0.327
1234,Law;Information Technology;Public Health,822,Architecture;Design;Environmental Science,0.35,0.36
1234,Law;Information Technology;Public Health,963,Accounting;Data Science;Film,0.35,0.326
1234,Law;Information Technology;Public Health,1122,Business;Psychology;Sustainable Design,0.35,0.35
1234,Law;Information Technology;Public Health,1180,Finance;Banking,0.35,0.3726
1234,Law;Information Technology;Public Health,256,Film;Data Science;Design,0.34,0.378
1234,Law;Information Technology;Public Health,641,Ecology;Business,0.34,0.3371
1234,Law;Information Technology;Public Health,1063,Renewable Energy;Information Technology;Cybersecurity,0.34,0.378
1234,Law;Information Technology;Public Health,1206,Law;Renewable Energy;Cybersecurity,0.34,0.322
1234,Law;Information Technology;Public Health,395,Business;Ecology,0.33,0.3371
1234,Law;Information Technology;Public Health,598,Sustainable Design;Banking,0.33,0.332
1234,Law;Information Technology;Public Health,867,Banking;Sustainable Design,0.33,0.332
1234,Law;Information Technology;Public Health,1033,Cybersecurity;Business;Business,0.33,0.2749
1234,Law;Information Technology;Public Health,323,Artificial Intelligence;Renewable Energy,0.32,0.3291
1234,Law;Information Technology;Public Health,675,Film;Business;Design,0.32,0.336
1234,Law;Information Technology;Public Health,1243,Renewable Energy;Artificial Intelligence,0.32,0.3291
1234,Law;Information Technology;Public Health,1255,Banking;Marketing,0.32,0.36
1234,Law;Information Technology;Public Health,2,Architecture;Finance,0.31,0.3123
1234,Law;Information Technology;Public Health,782,Marketing;Design,0.31,0.3043
1234,Law;Information Technology;Public Health,1175,Sustainable Design;Nursing,0.31,0.3278
1234,Law;Information Technology;Public Health,1221,Renewable Energy;Accounting;Banking,0.31,0.292
1234,Law;Information Technology;Public Health,1228,Banking;Accounting,0.31,0.3234
1234,Law;Information Technology;Public Health,928,Design;Artificial Intelligence;Nursing,0.3,0.2833
1234,Law;Information Technology;Public Health,14,Ecology;Banking;Sustainable Design,0.29,0.29
1234,Law;Information Technology;Public Health,428,Business;Cybersecurity;Marketing,0.29,0.3
1234,Law;Information Technology;Public Health,1307,Psychology;Banking,0.29,0.2604
1234,Law;Information Technology;Public Health,29,Psychology;Accounting,0.28,0.302
1234,Law;Information Technology;Public Health,1047,Architecture;Renewable Energy,0.28,0.2936
1234,Law;Information Technology;Public Health,595,Environmental Science;Ecology;Cybersecurity,0.27,0.292
1234,Law;Information Technology;Public Health,185,Renewable Energy;Engineering;Cybersecurity,0.25,0.244
1234,Law;Information Technology;Public Health,458,Ecology;Design,0.25,0.2878
1234,Law;Information Technology;Public Health,87,Ecology;Film,0.21,0.2142
1234,Law;Information Technology;Public Health,846,Cybersecurity;Sustainable Design;Cybersecurity,0.17,0.2441
1234,Law;Information Technology;Public Health,941,Cybersecurity;Architecture,0.16,0.1875
1848,Finance;Psychology,1121,Computer Science;Finance,0.49,0.408
1848,Finance;Psychology,1180,Finance;Banking,0.45,0.392
1848,Finance;Psychology,1307,Psychology;Banking,0.45,0.45
1848,Finance;Psychology,29,Psychology;Accounting,0.44,0.33
1848,Finance;Psychology,682,Environmental Science;Environmental Science,0.44,0.346
1848,Finance;Psychology,904,International Law;Finance;Business,0.43,0.43
1848,Finance;Psychology,1129,Business;International Law;Finance,0.43,0.43
1848,Finance;Psychology,2,Architecture;Finance,0.41,0.41
1848,Finance;Psychology,343,Psychology;Marketing;International Law,0.41,0.41
1848,Finance;Psychology,1122,Business;Psychology;Sustainable Design,0.4,0.4221
1848,Finance;Psychology,1125,Artificial Intelligence;Education;Psychology,0.4,0.3728
1848,Finance;Psychology,240,Finance;Sustainable Design;Information Technology,0.39,0.3604
1848,Finance;Psychology,482,Data Science;Business,0.39,0.3387
1848,Finance;Psychology,338,Law;Psychology;Architecture,0.38,0.38
1848,Finance;Psychology,601,Data Science;Information Technology;Education,0.38,0.4013
1848,Finance;Psychology,936,Computer Science;Banking;Data Science,0.38,0.3544
1848,Finance;Psychology,1027,Education;Engineering,0.38,0.38
1848,Finance;Psychology,1322,Education;Public Health,0.38,0.3438
1848,Finance;Psychology,313,Environmental Science;Accounting,0.37,0.3681
1848,Finance;Psychology,1248,International Law;Education,0.37,0.348
1848,Finance;Psychology,559,Environmental Science;Public Health;Banking,0.36,0.36
1848,Finance;Psychology,613,Banking;Business;Education,0.36,0.36
1848,Finance;Psychology,1117,Education;Business;Information Technology,0.36,0.3845
1848,Finance;Psychology,1150,International Law;Accounting;Environmental Science,0.36,0.3613
1848,Finance;Psychology,297,Marketing;Computer Science,0.35,0.35
1848,Finance;Psychology,533,Information Technology;Public Health;Computer Science,0.35,0.3867
1848,Finance;Psychology,673,Computer Science;Information Technology;Ecology,0.34,0.362
1848,Finance;Psychology,795,Engineering;Business;Banking,0.34,0.3391
1848,Finance;Psychology,1060,Computer Science;Computer Science;Design,0.34,0.3
1848,Finance;Psychology,839,Information Technology;Data Science;Architecture,0.33,0.366
1848,Finance;Psychology,1030,Architecture;Computer Science,0.33,0.33
1848,Finance;Psychology,395,Business;Ecology,0.32,0.32
1848,Finance;Psychology,641,Ecology;Business,0.32,0.32
1848,Finance;Psychology,674,International Law;Accounting,0.32,0.328
1848,Finance;Psychology,1026,Public Health;Education;Nursing,0.32,0.3346
1848,Finance;Psychology,1070,Marketing;Public Health,0.32,0.286
1848,Finance;Psychology,1217,Sustainable Design;Information Technology;Business,0.31,0.36
1848,Finance;Psychology,1255,Banking;Marketing,0.31,0.2813
1848,Finance;Psychology,20,Computer Science;Accounting;Design,0.3,0.3299
1848,Finance;Psychology,566,Business;Engineering;Artificial Intelligence,0.3,0.3
1848,Finance;Psychology,692,Architecture;Business,0.3,0.3
1848,Finance;Psychology,1228,Banking;Accounting,0.3,0.304
1848,Finance;Psychology,598,Sustainable Design;Banking,0.29,0.298
1848,Finance;Psychology,822,Architecture;Design;Environmental Science,0.29,0.3235
1848,Finance;Psychology,867,Banking;Sustainable Design,0.29,0.298
1848,Finance;Psychology,884,International Law;Accounting;Architecture,0.29,0.2808
1848,Finance;Psychology,14,Ecology;Banking;Sustainable Design,0.28,0.2998
1848,Finance;Psychology,194,Design;International Law;Law,0.28,0.2817
1848,Finance;Psychology,997,Public Health;Information Technology;Renewable Energy,0.28,0.252
1848,Finance;Psychology,777,Nursing;Information Technology,0.27,0.3119
1848,Finance;Psychology,963,Accounting;Data Science;Film,0.27,0.263
1848,Finance;Psychology,1221,Renewable Energy;Accounting;Banking,0.26,0.2565
1848,Finance;Psychology,208,Marketing;Public Health;Film,0.25,0.2537
1848,Finance;Psychology,782,Marketing;Design,0.25,0.248
1848,Finance;Psychology,256,Film;Data Science;Design,0.24,0.264
1848,Finance;Psychology,458,Ecology;Design,0.24,0.2522
1848,Finance;Psychology,595,Environmental Science;Ecology;Cybersecurity,0.24,0.1821
1848,Finance;Psychology,1033,Cybersecurity;Business;Business,0.24,0.18
1848,Finance;Psychology,1175,Sustainable Design;Nursing,0.24,0.272
1848,Finance;Psychology,445,Film;Public Health,0.23,0.23
1848,Finance;Psychology,675,Film;Business;Design,0.23,0.2146
1848,Finance;Psychology,428,Business;Cybersecurity;Marketing,0.22,0.2202
1848,Finance;Psychology,913,International Law;Cybersecurity;Information Technology,0.22,0.2788
1848,Finance;Psychology,928,Design;Artificial Intelligence;Nursing,0.21,0.2062
1848,Finance;Psychology,1047,Architecture;Renewable Energy,0.21,0.21
1848,Finance;Psychology,87,Ecology;Film,0.2,0.2
1848,Finance;Psychology,323,Artificial Intelligence;Renewable Energy,0.19,0.19
1848,Finance;Psychology,1243,Renewable Energy;Artificial Intelligence,0.19,0.19
1848,Finance;Psychology,185,Renewable Energy;Engineering;Cybersecurity,0.17,0.17
1848,Finance;Psychology,1083,Cybersecurity;Public Health,0.17,0.17
1848,Finance;Psychology,1063,Renewable Energy;Information Technology;Cybersecurity,0.16,0.252
1848,Finance;Psychology,1206,Law;Renewable Energy;Cybersecurity,0.16,0.1774
1848,Finance;Psychology,941,Cybersecurity;Architecture,0.12,0.12
1848,Finance;Psychology,846,Cybersecurity;Sustainable Design;Cybersecurity,0.09,0.1826
2024,International Law;Finance;Design,517,Law;International Law,0.5,0.4551
2024,International Law;Finance;Design,778,International Law;Environmental Science,0.5,0.5
2024,International Law;Finance;Design,829,Information Technology;International Law,0.49,0.4584
2024,International Law;Finance;Design,15,Finance;Business,0.48,0.3676
2024,International Law;Finance;Design,835,Finance;Business,0.48,0.3676
2024,International Law;Finance;Design,129,Law;Design,0.47,0.47
2024,International Law;Finance;Design,1074,Business;Business;International Law,0.47,0.4208
2024,International Law;Finance;Design,468,Banking;International Law,0.45,0.45
2024,International Law;Finance;Design,1320,Architecture;International Law;Environmental Science,0.45,0.4703
2024,International Law;Finance;Design,1050,Finance;Law;Marketing,0.44,0.3638
2024,International Law;Finance;Design,387,Finance;Architecture;Computer Science,0.43,0.3953
2024,International Law;Finance;Design,484,Design;Data Science;Computer Science,0.43,0.4365
2024,International Law;Finance;Design,509,Environmental Science;Environmental Science;Computer Science,0.43,0.42
2024,International Law;Finance;Design,821,Engineering;Environmental Science;Sustainable Design,0.43,0.4091
2024,International Law;Finance;Design,1185,Law;Public Health,0.43,0.3932
2024,International Law;Finance;Design,95,Engineering;Sustainable Design,0.42,0.4362
2024,International Law;Finance;Design,550,Environmental Science;Data Science,0.42,0.42
2024,International Law;Finance;Design,564,Business;Public Health;Public Health,0.41,0.3511
2024,International Law;Finance;Design,606,Business;Education,0.41,0.3528
2024,International Law;Finance;Design,736,Business;Environmental Science;Architecture,0.41,0.3991
2024,International Law;Finance;Design,781,Marketing;Environmental Science;Environmental Science,0.41,0.3744
2024,International Law;Finance;Design,1039,Public Health;Information Technology,0.41,0.42
2024,International Law;Finance;Design,322,Renewable Energy;Design;Environmental Science,0.4,0.4087
2024,International Law;Finance;Design,440,Renewable Energy;Environmental Science;Design,0.4,0.4087
2024,International Law;Finance;Design,1171,Public Health;Education;Data Science,0.4,0.3735
2024,International Law;Finance;Design,1291,Public Health;Data Science;Education,0.4,0.3735
2024,International Law;Finance;Design,480,Accounting;Marketing;Finance,0.39,0.3706
2024,International Law;Finance;Design,636,Film;International Law,0.39,0.4092
2024,International Law;Finance;Design,764,Education;Artificial Intelligence;Finance,0.38,0.38
2024,International Law;Finance;Design,1135,Education;Architecture,0.38,0.3969
2024,International Law;Finance;Design,1319,Renewable Energy;Design;Education,0.38,0.3739
2024,International Law;Finance;Design,172,Education;Marketing,0.37,0.3389
2024,International Law;Finance;Design,643,Sustainable Design;Marketing;Accounting,0.37,0.3588
2024,International Law;Finance;Design,767,Accounting;Business,0.37,0.37
2024,International Law;Finance;Design,870,Accounting;Sustainable Design;Architecture,0.37,0.3645
2024,International Law;Finance;Design,1008,Nursing;Finance;Business,0.37,0.3146
2024,International Law;Finance;Design,1224,Finance;Psychology,0.37,0.2565
2024,International Law;Finance;Design,3,Marketing;Banking;Computer Science,0.36,0.36
2024,International Law;Finance;Design,10,Ecology;International Law,0.36,0.36
2024,International Law;Finance;Design,48,Finance;Nursing;Computer Science,0.36,0.3155
2024,International Law;Finance;Design,310,Artificial Intelligence;Design,0.36,0.36
2024,International Law;Finance;Design,371,Banking;Law;Accounting,0.36,0.36
2024,International Law;Finance;Design,1207,Banking;Computer Science,0.36,0.3531
2024,International Law;Finance;Design,64,Computer Science;Accounting,0.35,0.3315
2024,International Law;Finance;Design,273,Design;Ecology;Education,0.35,0.3736
2024,International Law;Finance;Design,901,Marketing;Accounting;Computer Science,0.35,0.341
2024,International Law;Finance;Design,924,Marketing;Marketing;Architecture,0.35,0.3622
2024,International Law;Finance;Design,932,Architecture;Banking,0.35,0.2914
2024,International Law;Finance;Design,1253,Law;Renewable Energy;Architecture,0.35,0.3491
2024,International Law;Finance;Design,1292,Engineering;Environmental Science;Film,0.35,0.3381
2024,International Law;Finance;Design,278,Artificial Intelligence;Environmental Science,0.34,0.34
2024,International Law;Finance;Design,860,Information Technology;Renewable Energy,0.34,0.3654
2024,International Law;Finance;Design,916,Ecology;International Law;Accounting,0.34,0.37
2024,International Law;Finance;Design,1090,Environmental Science;Nursing;Information Technology,0.34,0.3211
2024,International Law;Finance;Design,89,Education;Engineering;Artificial Intelligence,0.33,0.3241
2024,International Law;Finance;Design,348,Artificial Intelligence;Psychology;International Law,0.33,0.3586
2024,International Law;Finance;Design,350,Law;Psychology,0.33,0.2968
2024,International Law;Finance;Design,403,Information Technology;Artificial Intelligence,0.33,0.3206
2024,International Law;Finance;Design,487,Renewable Energy;Computer Science,0.33,0.3117
2024,International Law;Finance;Design,811,Business;Data Science;Nursing,0.33,0.3275
2024,International Law;Finance;Design,171,Design;Renewable Energy;Film,0.32,0.3147
2024,International Law;Finance;Design,353,Ecology;Environmental Science;Marketing,0.32,0.2989
2024,International Law;Finance;Design,463,Public Health;Artificial Intelligence,0.32,0.32
2024,International Law;Finance;Design,1179,Law;Architecture;Nursing,0.32,0.3325
2024,International Law;Finance;Design,447,Artificial Intelligence;Education;Accounting,0.31,0.3129
2024,International Law;Finance;Design,717,Artificial Intelligence;Public Health;Accounting,0.31,0.2992
2024,International Law;Finance;Design,973,Film;Public Health,0.31,0.3138
2024,International Law;Finance;Design,1196,Design;Psychology;Artificial Intelligence,0.31,0.3454
2024,International Law;Finance;Design,1229,Banking;Education;Film,0.31,0.2864
2024,International Law;Finance;Design,388,Environmental Science;Nursing,0.3,0.3
2024,International Law;Finance;Design,616,Computer Science;Artificial Intelligence;Renewable Energy,0.3,0.2748
2024,International Law;Finance;Design,1103,Renewable Energy;Banking,0.3,0.3
2024,International Law;Finance;Design,1162,Film;Engineering,0.3,0.2926
2024,International Law;Finance;Design,434,Ecology;Renewable Energy;Environmental Science,0.29,0.2666
2024,International Law;Finance;Design,493,Business;Film;Artificial Intelligence,0.29,0.2824
2024,International Law;Finance;Design,877,Film;Marketing,0.28,0.3019
2024,International Law;Finance;Design,26,Banking;Psychology,0.27,0.2536
2024,International Law;Finance;Design,1087,Computer Science;Renewable Energy;Ecology,0.27,0.2579
2024,International Law;Finance;Design,147,Ecology;Marketing;Artificial Intelligence,0.25,0.2618
2024,International Law;Finance;Design,170,Accounting;Information Technology;Cybersecurity,0.25,0.2456
2024,International Law;Finance;Design,910,Artificial Intelligence;Renewable Energy,0.25,0.25
2024,International Law;Finance;Design,1115,Design;Cybersecurity,0.25,0.25
2024,International Law;Finance;Design,368,Film;Artificial Intelligence,0.23,0.23
2024,International Law;Finance;Design,633,Cybersecurity;Law,0.23,0.23
2024,International Law;Finance;Design,687,Ecology;Accounting,0.23,0.23
2024,International Law;Finance;Design,1061,Public Health;Cybersecurity;Artificial Intelligence,0.22,0.2637
2024,International Law;Finance;Design,1288,Cybersecurity;Business,0.22,0.22
2024,International Law;Finance;Design,369,Engineering;Artificial Intelligence;Cybersecurity,0.21,0.2327
2024,International Law;Finance;Design,978,Film;Ecology;Artificial Intelligence,0.21,0.2345
2024,International Law;Finance;Design,1242,Public Health;Cybersecurity,0.21,0.2725
2024,International Law;Finance;Design,1268,Data Science;Cybersecurity,0.21,0.2784
2024,International Law;Finance;Design,432,Cybersecurity;Business;Ecology,0.2,0.2389
2024,International Law;Finance;Design,754,Cybersecurity;Engineering;Psychology,0.2,0.2316
2024,International Law;Finance;Design,249,Psychology;Nursing,0.19,0.2019
2024,International Law;Finance;Design,727,Film;Ecology,0.19,0.2255
2024,International Law;Finance;Design,1086,Psychology;Ecology,0.19,0.1849
2024,International Law;Finance;Design,268,Artificial Intelligence;Cybersecurity,0.12,0.2193
2064,Artificial Intelligence;Architecture;Computer Science,450,Information Technology;Design,0.48,0.4755
2064,Artificial Intelligence;Architecture;Computer Science,824,Design;Artificial Intelligence,0.48,0.455
2064,Artificial Intelligence;Architecture;Computer Science,1271,Information Technology;Engineering,0.48,0.4795
2064,Artificial Intelligence;Architecture;Computer Science,125,Computer Science;Public Health,0.45,0.4332
2064,Artificial Intelligence;Architecture;Computer Science,1082,Engineering;Design,0.45,0.4366
2064,Artificial Intelligence;Architecture;Computer Science,701,Data Science;Artificial Intelligence;Film,0.44,0.4348
2064,Artificial Intelligence;Architecture;Computer Science,929,Architecture;Film;Architecture,0.43,0.3415
2064,Artificial Intelligence;Architecture;Computer Science,1042,Cybersecurity;Computer Science;Data Science,0.41,0.4035
2064,Artificial Intelligence;Architecture;Computer Science,583,Ecology;Business;Computer Science,0.4,0.3924
2064,Artificial Intelligence;Architecture;Computer Science,653,Sustainable Design;Psychology;Design,0.39,0.3834
2064,Artificial Intelligence;Architecture;Computer Science,233,Information Technology;Law,0.38,0.3674
2064,Artificial Intelligence;Architecture;Computer Science,959,Ecology;Engineering;Design,0.38,0.3683
2064,Artificial Intelligence;Architecture;Computer Science,1073,Education;Artificial Intelligence;Finance,0.36,0.372
2064,Artificial Intelligence;Architecture;Computer Science,1324,Education;Sustainable Design,0.36,0.4021
2064,Artificial Intelligence;Architecture;Computer Science,1081,Accounting;Ecology;Information Technology,0.33,0.316
2064,Artificial Intelligence;Architecture;Computer Science,609,Nursing;Environmental Science;Renewable Energy,0.31,0.3113
2064,Artificial Intelligence;Architecture;Computer Science,516,International Law;Ecology,0.29,0.284
2064,Artificial Intelligence;Architecture;Computer Science,1227,Ecology;International Law,0.29,0.284
2064,Artificial Intelligence;Architecture;Computer Science,486,International Law;Nursing,0.28,0.26
2064,Artificial Intelligence;Architecture;Computer Science,224,Marketing;Public Health,0.27,0.292
2064,Artificial Intelligence;Architecture;Computer Science,571,Accounting;Ecology;Business,0.27,0.262
2064,Artificial Intelligence;Architecture;Computer Science,813,Education;Renewable Energy,0.27,0.2981
2064,Artificial Intelligence;Architecture;Computer Science,496,Film;Accounting;Education,0.26,0.2691
2064,Artificial Intelligence;Architecture;Computer Science,993,Ecology;Nursing,0.25,0.2664
2064,Artificial Intelligence;Architecture;Computer Science,43,Cybersecurity;Banking,0.14,0.1442
3023,Data Science;Marketing;Artificial Intelligence,297,Marketing;Computer Science,0.52,0.5269
3023,Data Science;Marketing;Artificial Intelligence,482,Data Science;Business,0.5,0.4864
3023,Data Science;Marketing;Artificial Intelligence,601,Data Science;Information Technology;Education,0.5,0.5296
3023,Data Science;Marketing;Artificial Intelligence,533,Information Technology;Public Health;Computer Science,0.49,0.4875
3023,Data Science;Marketing;Artificial Intelligence,682,Environmental Science;Environmental Science,0.48,0.4636
3023,Data Science;Marketing;Artificial Intelligence,839,Information Technology;Data Science;Architecture,0.47,0.4776
3023,Data Science;Marketing;Artificial Intelligence,1060,Computer Science;Computer Science;Design,0.47,0.445
3023,Data Science;Marketing;Artificial Intelligence,566,Business;Engineering;Artificial Intelligence,0.45,0.4413
3023,Data Science;Marketing;Artificial Intelligence,936,Computer Science;Banking;Data Science,0.45,0.4639
3023,Data Science;Marketing;Artificial Intelligence,673,Computer Science;Information Technology;Ecology,0.44,0.4125
3023,Data Science;Marketing;Artificial Intelligence,1070,Marketing;Public Health,0.44,0.3849
3023,Data Science;Marketing;Artificial Intelligence,1117,Education;Business;Information Technology,0.44,0.4255
3023,Data Science;Marketing;Artificial Intelligence,1217,Sustainable Design;Information Technology;Business,0.44,0.4161
3023,Data Science;Marketing;Artificial Intelligence,782,Marketing;Design,0.43,0.4426
3023,Data Science;Marketing;Artificial Intelligence,323,Artificial Intelligence;Renewable Energy,0.41,0.4427
3023,Data Science;Marketing;Artificial Intelligence,1121,Computer Science;Finance,0.41,0.4055
3023,Data Science;Marketing;Artificial Intelligence,1125,Artificial Intelligence;Education;Psychology,0.41,0.3902
3023,Data Science;Marketing;Artificial Intelligence,1243,Renewable Energy;Artificial Intelligence,0.41,0.4427
3023,Data Science;Marketing;Artificial Intelligence,240,Finance;Sustainable Design;Information Technology,0.4,0.3914
3023,Data Science;Marketing;Artificial Intelligence,997,Public Health;Information Technology;Renewable Energy,0.4,0.4334
3023,Data Science;Marketing;Artificial Intelligence,20,Computer Science;Accounting;Design,0.39,0.3687
3023,Data Science;Marketing;Artificial Intelligence,256,Film;Data Science;Design,0.39,0.4422
3023,Data Science;Marketing;Artificial Intelligence,313,Environmental Science;Accounting,0.39,0.3926
3023,Data Science;Marketing;Artificial Intelligence,343,Psychology;Marketing;International Law,0.39,0.3961
3023,Data Science;Marketing;Artificial Intelligence,1030,Architecture;Computer Science,0.39,0.4174
3023,Data Science;Marketing;Artificial Intelligence,777,Nursing;Information Technology,0.38,0.398
3023,Data Science;Marketing;Artificial Intelligence,208,Marketing;Public Health;Film,0.37,0.3133
3023,Data Science;Marketing;Artificial Intelligence,963,Accounting;Data Science;Film,0.37,0.3771
3023,Data Science;Marketing;Artificial Intelligence,1027,Education;Engineering,0.37,0.4023
3023,Data Science;Marketing;Artificial Intelligence,1150,International Law;Accounting;Environmental Science,0.37,0.3786
3023,Data Science;Marketing;Artificial Intelligence,1255,Banking;Marketing,0.37,0.3402
3023,Data Science;Marketing;Artificial Intelligence,559,Environmental Science;Public Health;Banking,0.36,0.3774
3023,Data Science;Marketing;Artificial Intelligence,822,Architecture;Design;Environmental Science,0.36,0.378
3023,Data Science;Marketing;Artificial Intelligence,928,Design;Artificial Intelligence;Nursing,0.36,0.3769
3023,Data Science;Marketing;Artificial Intelligence,1122,Business;Psychology;Sustainable Design,0.36,0.3514
3023,Data Science;Marketing;Artificial Intelligence,1322,Education;Public Health,0.36,0.38
3023,Data Science;Marketing;Artificial Intelligence,904,International Law;Finance;Business,0.35,0.3458
3023,Data Science;Marketing;Artificial Intelligence,1129,Business;International Law;Finance,0.35,0.3458
3023,Data Science;Marketing;Artificial Intelligence,1248,International Law;Education,0.35,0.3875
3023,Data Science;Marketing;Artificial Intelligence,795,Engineering;Business;Banking,0.34,0.3266
3023,Data Science;Marketing;Artificial Intelligence,428,Business;Cybersecurity;Marketing,0.33,0.2845
3023,Data Science;Marketing;Artificial Intelligence,613,Banking;Business;Education,0.33,0.3461
3023,Data Science;Marketing;Artificial Intelligence,675,Film;Business;Design,0.33,0.3015
3023,Data Science;Marketing;Artificial Intelligence,913,International Law;Cybersecurity;Information Technology,0.33,0.3639
3023,Data Science;Marketing;Artificial Intelligence,674,International Law;Accounting,0.32,0.3462
3023,Data Science;Marketing;Artificial Intelligence,692,Architecture;Business,0.32,0.3462
3023,Data Science;Marketing;Artificial Intelligence,29,Psychology;Accounting,0.31,0.3231
3023,Data Science;Marketing;Artificial Intelligence,194,Design;International Law;Law,0.31,0.3279
3023,Data Science;Marketing;Artificial Intelligence,395,Business;Ecology,0.31,0.307
3023,Data Science;Marketing;Artificial Intelligence,641,Ecology;Business,0.31,0.307
3023,Data Science;Marketing;Artificial Intelligence,1063,Renewable Energy;Information Technology;Cybersecurity,0.31,0.3385
3023,Data Science;Marketing;Artificial Intelligence,445,Film;Public Health,0.3,0.3065
3023,Data Science;Marketing;Artificial Intelligence,1026,Public Health;Education;Nursing,0.3,0.351
3023,Data Science;Marketing;Artificial Intelligence,1033,Cybersecurity;Business;Business,0.3,0.2853
3023,Data Science;Marketing;Artificial Intelligence,598,Sustainable Design;Banking,0.29,0.2918
3023,Data Science;Marketing;Artificial Intelligence,867,Banking;Sustainable Design,0.29,0.2918
3023,Data Science;Marketing;Artificial Intelligence,884,International Law;Accounting;Architecture,0.29,0.3257
3023,Data Science;Marketing;Artificial Intelligence,458,Ecology;Design,0.28,0.292
3023,Data Science;Marketing;Artificial Intelligence,2,Architecture;Finance,0.27,0.29
3023,Data Science;Marketing;Artificial Intelligence,14,Ecology;Banking;Sustainable Design,0.27,0.2567
3023,Data Science;Marketing;Artificial Intelligence,338,Law;Psychology;Architecture,0.27,0.2729
3023,Data Science;Marketing;Artificial Intelligence,1175,Sustainable Design;Nursing,0.27,0.3395
3023,Data Science;Marketing;Artificial Intelligence,1307,Psychology;Banking,0.27,0.2881
3023,Data Science;Marketing;Artificial Intelligence,595,Environmental Science;Ecology;Cybersecurity,0.26,0.2384
3023,Data Science;Marketing;Artificial Intelligence,1180,Finance;Banking,0.26,0.2802
3023,Data Science;Marketing;Artificial Intelligence,1221,Renewable Energy;Accounting;Banking,0.26,0.263
3023,Data Science;Marketing;Artificial Intelligence,1228,Banking;Accounting,0.26,0.2565
3023,Data Science;Marketing;Artificial Intelligence,185,Renewable Energy;Engineering;Cybersecurity,0.25,0.2424
3023,Data Science;Marketing;Artificial Intelligence,1047,Architecture;Renewable Energy,0.25,0.2658
3023,Data Science;Marketing;Artificial Intelligence,1083,Cybersecurity;Public Health,0.23,0.2884
3023,Data Science;Marketing;Artificial Intelligence,87,Ecology;Film,0.22,0.2351
3023,Data Science;Marketing;Artificial Intelligence,1206,Law;Renewable Energy;Cybersecurity,0.2,0.1937
3023,Data Science;Marketing;Artificial Intelligence,846,Cybersecurity;Sustainable Design;Cybersecurity,0.18,0.2091
3023,Data Science;Marketing;Artificial Intelligence,941,Cybersecurity;Architecture,0.17,0.1823
3228,Film;Law;Ecology;International Law,1320,Architecture;International Law;Environmental Science,0.42,0.3991
3228,Film;Law;Ecology;International Law,241,Business;International Law;Information Technology,0.4,0.348
3228,Film;Law;Ecology;International Law,919,Environmental Science;Computer Science,0.4,0.4081
3228,Film;Law;Ecology;International Law,1043,Accounting;Law,0.36,0.3413
3228,Film;Law;Ecology;International Law,521,Sustainable Design;Law;Architecture,0.35,0.3337
3228,Film;Law;Ecology;International Law,799,Engineering;Environmental Science,0.35,0.3477
3228,Film;Law;Ecology;International Law,324,Artificial Intelligence;Environmental Science,0.33,0.3387
3228,Film;Law;Ecology;International Law,1195,Education;Business,0.33,0.2853
3228,Film;Law;Ecology;International Law,434,Ecology;Renewable Energy;Environmental Science,0.32,0.3627
3228,Film;Law;Ecology;International Law,384,Renewable Energy;Sustainable Design;Environmental Science,0.3,0.3003
3228,Film;Law;Ecology;International Law,1182,Sustainable Design;Sustainable Design;Computer Science,0.3,0.298
3228,Film;Law;Ecology;International Law,1135,Education;Architecture,0.29,0.304
3228,Film;Law;Ecology;International Law,15,Finance;Business,0.28,0.246
3228,Film;Law;Ecology;International Law,835,Finance;Business,0.28,0.246
3228,Film;Law;Ecology;International Law,1207,Banking;Computer Science,0.27,0.2288
3228,Film;Law;Ecology;International Law,717,Artificial Intelligence;Public Health;Accounting,0.26,0.2553
3228,Film;Law;Ecology;International Law,764,Education;Artificial Intelligence;Finance,0.26,0.2784
3228,Film;Law;Ecology;International Law,336,Finance;Engineering,0.25,0.2827
3228,Film;Law;Ecology;International Law,1020,Engineering;Architecture,0.25,0.312
3228,Film;Law;Ecology;International Law,531,Renewable Energy;Accounting;Film,0.24,0.2127
3228,Film;Law;Ecology;International Law,844,Renewable Energy;Marketing;Design,0.21,0.1964
3228,Film;Law;Ecology;International Law,341,Banking;Cybersecurity;Artificial Intelligence,0.14,0.1575
3678,Psychology;Computer Science;Information Technology;Artificial Intelligence;Finance,235,Engineering;Artificial Intelligence,0.44,0.3921
3678,Psychology;Computer Science;Information Technology;Artificial Intelligence;Finance,429,Psychology;Finance,0.42,0.3783
3678,Psychology;Computer Science;Information Technology;Artificial Intelligence;Finance,1101,Education;Information Technology;Architecture,0.41,0.353
3678,Psychology;Computer Science;Information Technology;Artificial Intelligence;Finance,321,Engineering;Law,0.36,0.3615
3678,Psychology;Computer Science;Information Technology;Artificial Intelligence;Finance,32,Accounting;Business,0.34,0.3347
3678,Psychology;Computer Science;Information Technology;Artificial Intelligence;Finance,498,Education;Accounting,0.34,0.3364
3678,Psychology;Computer Science;Information Technology;Artificial Intelligence;Finance,766,Banking;Sustainable Design,0.3,0.2948
3678,Psychology;Computer Science;Information Technology;Artificial Intelligence;Finance,419,Engineering;Sustainable Design;Cybersecurity,0.27,0.2606
3678,Psychology;Computer Science;Information Technology;Artificial Intelligence;Finance,44,Cybersecurity;Law,0.18,0.2248
3984,Cybersecurity;Public Health,340,Public Health;Cybersecurity;Marketing,0.44,0.44
3984,Cybersecurity;Public Health,897,Public Health;Law,0.41,0.41
3984,Cybersecurity;Public Health,1068,Data Science;Education;Cybersecurity,0.41,0.41
3984,Cybersecurity;Public Health,96,Public Health;Artificial Intelligence,0.39,0.39
3984,Cybersecurity;Public Health,852,Renewable Energy;Environmental Science;Cybersecurity,0.38,0.38
3984,Cybersecurity;Public Health,991,Environmental Science;Finance;Public Health,0.38,0.38
3984,Cybersecurity;Public Health,1252,Ecology;Public Health,0.38,0.38
3984,Cybersecurity;Public Health,1314,Artificial Intelligence;Cybersecurity;Environmental Science,0.38,0.38
3984,Cybersecurity;Public Health,499,Banking;Cybersecurity,0.37,0.37
3984,Cybersecurity;Public Health,652,Engineering;Public Health;Information Technology,0.35,0.35
3984,Cybersecurity;Public Health,776,Data Science;Public Health;Engineering,0.35,0.34
3984,Cybersecurity;Public Health,858,Psychology;Public Health,0.34,0.34
3984,Cybersecurity;Public Health,1145,Business;Cybersecurity;Computer Science,0.34,0.34
3984,Cybersecurity;Public Health,68,Cybersecurity;Architecture,0.33,0.33
3984,Cybersecurity;Public Health,757,Architecture;Public Health,0.33,0.33
3984,Cybersecurity;Public Health,541,Environmental Science;Education;Business,0.32,0.32
3984,Cybersecurity;Public Health,628,Engineering;Artificial Intelligence;Cybersecurity,0.32,0.32
3984,Cybersecurity;Public Health,1225,Education;International Law;Data Science,0.32,0.32
3984,Cybersecurity;Public Health,315,Education;Finance,0.31,0.31
3984,Cybersecurity;Public Health,853,International Law;Architecture;Cybersecurity,0.31,0.31
3984,Cybersecurity;Public Health,644,Renewable Energy;Education;International Law,0.3,0.3
3984,Cybersecurity;Public Health,175,Marketing;Design;Public Health,0.29,0.29
3984,Cybersecurity;Public Health,179,Artificial Intelligence;Environmental Science,0.29,0.29
3984,Cybersecurity;Public Health,803,Environmental Science;Artificial Intelligence,0.29,0.29
3984,Cybersecurity;Public Health,931,Engineering;Education,0.29,0.29
3984,Cybersecurity;Public Health,882,International Law;Data Science,0.28,0.28
3984,Cybersecurity;Public Health,1204,Marketing;Architecture;Public Health,0.28,0.28
3984,Cybersecurity;Public Health,11,Education;Engineering;Renewable Energy,0.27,0.27
3984,Cybersecurity;Public Health,391,Environmental Science;Banking,0.27,0.27
3984,Cybersecurity;Public Health,485,Renewable Energy;Engineering;Education,0.27,0.27
3984,Cybersecurity;Public Health,737,Information Technology;Information Technology;Renewable Energy,0.27,0.265
3984,Cybersecurity;Public Health,895,Engineering;Nursing;Education,0.27,0.28
3984,Cybersecurity;Public Health,964,Finance;Environmental Science;Artificial Intelligence,0.27,0.27
3984,Cybersecurity;Public Health,966,Education;Business;Banking,0.27,0.27
3984,Cybersecurity;Public Health,192,Information Technology;Renewable Energy,0.26,0.265
3984,Cybersecurity;Public Health,397,Cybersecurity;Design;Film,0.26,0.26
3984,Cybersecurity;Public Health,548,Film;Public Health;Design,0.26,0.26
3984,Cybersecurity;Public Health,398,Business;Information Technology;Finance,0.25,0.25
3984,Cybersecurity;Public Health,1015,Education;Psychology,0.25,0.25
3984,Cybersecurity;Public Health,1283,Design;Education;Nursing,0.25,0.25
3984,Cybersecurity;Public Health,287,Sustainable Design;International Law,0.24,0.25
3984,Cybersecurity;Public Health,364,Nursing;Information Technology;Marketing,0.24,0.24
3984,Cybersecurity;Public Health,623,International Law;Engineering,0.24,0.24
3984,Cybersecurity;Public Health,896,Design;Education;Finance,0.24,0.25
3984,Cybersecurity;Public Health,473,Renewable Energy;Design;Environmental Science,0.23,0.23
3984,Cybersecurity;Public Health,649,Marketing;Data Science,0.23,0.235
3984,Cybersecurity;Public Health,945,Sustainable Design;Law,0.23,0.24
3984,Cybersecurity;Public Health,958,Computer Science;Finance;Renewable Energy,0.23,0.23
3984,Cybersecurity;Public Health,1076,Data Science;Marketing,0.23,0.235
3984,Cybersecurity;Public Health,1084,Nursing;Finance;Finance,0.23,0.23
3984,Cybersecurity;Public Health,1210,Business;Data Science;Ecology,0.23,0.23
3984,Cybersecurity;Public Health,46,Ecology;Nursing,0.22,0.22
3984,Cybersecurity;Public Health,333,Nursing;Ecology,0.22,0.22
3984,Cybersecurity;Public Health,490,Engineering;Banking;International Law,0.22,0.22
3984,Cybersecurity;Public Health,694,Computer Science;Banking;Finance,0.22,0.22
3984,Cybersecurity;Public Health,954,Banking;Law,0.22,0.22
3984,Cybersecurity;Public Health,28,Renewable Energy;Artificial Intelligence;Marketing,0.21,0.21
3984,Cybersecurity;Public Health,318,Ecology;Renewable Energy,0.21,0.21
3984,Cybersecurity;Public Health,410,Renewable Energy;Finance;Banking,0.21,0.21
3984,Cybersecurity;Public Health,557,Finance;International Law;Psychology,0.21,0.21
3984,Cybersecurity;Public Health,585,Film;Computer Science;Data Science,0.21,0.21
3984,Cybersecurity;Public Health,587,Computer Science;Banking,0.21,0.21
3984,Cybersecurity;Public Health,788,Accounting;Finance,0.21,0.2
3984,Cybersecurity;Public Health,836,Marketing;Renewable Energy;Artificial Intelligence,0.21,0.21
3984,Cybersecurity;Public Health,942,Accounting;Artificial Intelligence;Sustainable Design,0.21,0.21
3984,Cybersecurity;Public Health,1051,Banking;Accounting;International Law,0.21,0.22
3984,Cybersecurity;Public Health,1069,Ecology;Business,0.21,0.21
3984,Cybersecurity;Public Health,864,Marketing;Artificial Intelligence;Banking,0.2,0.19
3984,Cybersecurity;Public Health,872,Renewable Energy;Marketing,0.2,0.2
3984,Cybersecurity;Public Health,1088,Design;Data Science,0.2,0.2
3984,Cybersecurity;Public Health,634,Film;Data Science,0.19,0.19
3984,Cybersecurity;Public Health,1009,Marketing;Psychology;International Law,0.19,0.19
3984,Cybersecurity;Public Health,476,Renewable Energy;Marketing;Design,0.18,0.18
3984,Cybersecurity;Public Health,546,Design;Computer Science;Banking,0.18,0.18
3984,Cybersecurity;Public Health,751,Artificial Intelligence;Film;Business,0.18,0.18
3984,Cybersecurity;Public Health,61,Artificial Intelligence;Psychology,0.17,0.17
3984,Cybersecurity;Public Health,234,Psychology;Finance,0.17,0.17
3984,Cybersecurity;Public Health,272,Marketing;Artificial Intelligence;Architecture,0.17,0.17
3984,Cybersecurity;Public Health,448,Film;Design;International Law,0.17,0.17
3984,Cybersecurity;Public Health,514,Renewable Energy;Design,0.17,0.17
3984,Cybersecurity;Public Health,681,Renewable Energy;Design,0.17,0.17
3984,Cybersecurity;Public Health,805,Artificial Intelligence;Design,0.17,0.17
3984,Cybersecurity;Public Health,837,Architecture;Accounting;Business,0.17,0.17
3984,Cybersecurity;Public Health,1133,Architecture;Sustainable Design;Ecology,0.17,0.17
3984,Cybersecurity;Public Health,400,Film;Business,0.16,0.16
3984,Cybersecurity;Public Health,588,Film;Sustainable Design,0.16,0.15
3984,Cybersecurity;Public Health,826,Film;Renewable Energy,0.16,0.16
3984,Cybersecurity;Public Health,1067,Data Science;Architecture;Film,0.16,0.16
3984,Cybersecurity;Public Health,1144,Psychology;Sustainable Design,0.16,0.16
3984,Cybersecurity;Public Health,1192,Business;Architecture,0.16,0.16
3984,Cybersecurity;Public Health,1205,Renewable Energy;Film,0.16,0.16
3984,Cybersecurity;Public Health,215,Banking;Film;Accounting,0.15,0.15
3984,Cybersecurity;Public Health,475,Psychology;Engineering,0.15,0.15
3984,Cybersecurity;Public Health,552,Ecology;Film,0.15,0.15
3984,Cybersecurity;Public Health,744,Nursing;Psychology;Film,0.15,0.15
3984,Cybersecurity;Public Health,765,Film;Architecture;Renewable Energy,0.14,0.14
3984,Cybersecurity;Public Health,908,Engineering;Design;Psychology,0.14,0.14
3984,Cybersecurity;Public Health,1158,Banking;Film,0.14,0.14
3984,Cybersecurity;Public Health,18,Film;Architecture,0.1,0.1
